 5.51613331  1.10081947  0.16174008
 1.91134501 -0.79020435 -0.06261637
 4.6157198   0.37280977  0.48044151
 -1.64459634e+00  -4.41410333e-01   8.54804879e-04
-1.57152593 -0.2375972  -0.41491258
-5.90992594  0.65717524  0.22012229
-2.33498216 -0.2675133  -0.12298501
 7.17760229  2.68474841 -0.50946182
-2.73301506 -0.16279128 -0.17638086
-1.70556211 -0.10890665 -0.42540666
 3.21083689 -0.56370908  0.52745521
 1.87048435 -0.83277184  0.39181042
-5.31544256  0.59647512 -0.00833263
-0.60605872 -0.44364324 -0.28700423
-0.1162148  -0.77570027  0.1729001 
 4.84609509  0.4381173   0.00665291
 2.90362406 -0.71935803  0.40412116
 7.30786085  2.81183791 -0.60550964
 2.48456597 -0.81866229  0.32545152
 6.14022827  1.65291846 -0.12122982
-5.68570852  0.62617171  0.11476988
-5.38004732  0.55394065  0.12260909
-0.84089768 -0.26663008 -0.36610663
 3.09937477 -0.58657485  0.53842211
 3.07122254 -0.60445732  0.29226387
-3.82154751  0.28687477 -0.16397171
 2.4191699  -0.78857076  0.06383374
 2.78984213 -0.74448562  0.55985254
-1.5550952  -0.37140316 -0.22659339
 3.43110132 -0.37941071  0.56922656
-5.53715134  0.67999899  0.03291327
 1.37583613 -0.91699886  0.14513668
 1.11216533 -0.51053506 -0.48745722
-7.32581234  1.0531317   0.27603656
-0.1094078  -0.42251202 -0.43807587
 3.31872702 -0.55730486  0.27119425
 0.72852975 -0.87995774  0.34369349
-4.8678503   0.31606874  0.20008297
 2.80421519 -0.6876691  -0.06618869
-2.00875616 -0.08932944 -0.42330974
 2.16771579 -0.97948742  0.52680027
 0.66521585 -0.79201674  0.10528594
 0.91551536 -0.71018618 -0.27384323
 4.88944101  0.48769665  0.10968174
 4.22610664  0.05182698  0.3712827 
 6.71025705  2.22298241 -0.27901712
 3.49726963 -0.40520924  0.49259573
-2.17406583 -0.23358293 -0.05503343
 1.01458621 -0.8222931  -0.25139958
 4.51008081  0.25603259  0.41783625
 4.81760502  0.47353134  0.32697645
-0.77247763 -0.35360438 -0.23664865
 3.85524535 -0.20393741  0.55871445
-3.59762454  0.25018004 -0.08140126
 1.37253094 -0.76741266 -0.29512575
-4.06885529  0.16657074  0.11558689
 2.69990778 -0.71916944  0.11839574
 1.43129969 -0.57882625 -0.39198467
 3.77773595 -0.23677211  0.53117144
-4.45700836  0.28461379  0.15439245
-5.70346403  0.68922102  0.04691625
 0.22696191 -0.56926739 -0.45279828
-4.14010429  0.28404674 -0.05022326
 5.73113346  1.30926466  0.14262663
 0.01660075 -0.58734632 -0.23250154
 4.91418219  0.6307795   0.33145225
 1.90387261 -0.88259405  0.2613624 
 2.49192953 -0.7949236   0.41653508
 2.05529618 -0.80653709 -0.10290345
 0.09575018 -0.48723364 -0.39966363
-0.97410744 -0.2512354  -0.51046294
-1.19253027 -0.58351862  0.07540805
 0.91134644 -0.91257381  0.26852748
 1.96291721 -0.79721278  0.36265683
-3.03478074  0.20286185 -0.18676212
 5.79655695  1.24903238 -0.19735879
-1.08564734 -0.42836639 -0.39866671
 2.70486546 -0.73256552  0.52920973
-1.33132064 -0.68455052  0.45672685
-1.22406137 -0.26771745 -0.44955477
 1.70882881 -0.91246098  0.33244467
-0.93654042 -0.35214198 -0.10939018
-0.59848988 -0.37845498 -0.39421237
-4.19896889  0.40144202 -0.13946857
-4.33675861  0.27887264 -0.02324131
 3.33441401 -0.50647306  0.09133123
 0.74741638 -0.84872925 -0.14672843
-0.73031795 -0.61172366 -0.09487546
-4.88045359  0.4191924   0.22860628
-3.42832398  0.0483832   0.04171141
-0.11537604 -0.74574941 -0.18966813
-1.29929626 -0.32975703 -0.41604939
 2.34002662 -0.71498334  0.22217932
 0.94603354 -0.83937192 -0.18038124
-0.76516992 -0.55360729 -0.28566998
 4.75535393  0.41411841  0.18713658
-2.16822267 -0.28841189 -0.18618774
-2.34824896 -0.03038576 -0.35034275
-1.1480478  -0.44857427 -0.24698146
-0.1999657  -0.62906671 -0.09478622
-5.77305126  0.72629172  0.0839869 
 1.75795805 -0.81029195 -0.07792642
 2.63407779 -0.7377634   0.30811617
-4.3576107   0.18169785  0.04927479
 -5.42610025e+00   6.74398422e-01   1.93602475e-03
 6.03168344  1.55780602 -0.04098465
 0.44265574 -0.52821028 -0.28676826
 3.1393919  -0.65008926  0.17163573
 2.27570486 -0.78337055 -0.06236145
-3.22571349  0.19432095 -0.26020059
-7.85074759  0.98193473  0.42220521
 0.61469305 -0.64851791 -0.42204574
-1.58536577 -0.28567967 -0.34282932
 6.4324441   1.97233987 -0.12773825
 3.39959288 -0.47226819  0.1939072 
-0.99335396 -0.42951065 -0.23612747
 2.78691125 -0.74770653  0.30931315
 0.47736073 -0.66921806 -0.25793988
-1.16943955 -0.16839257 -0.58927387
-0.028654   -0.47574395 -0.5580048 
-7.53578663  1.00728357  0.38307184
 1.28114676 -0.8307333  -0.25401405
-3.51942611  0.19243652 -0.19089991
-0.94957507 -0.42734885 -0.33801723
-0.43830481 -0.70704365  0.06478556
-3.09363055 -0.22898924  0.26754874
-2.87770224  0.13642967 -0.28971565
-5.56354713  0.4861694   0.2584891 
 -3.67468286e+00  -2.67260894e-03   4.88420837e-02
-7.75110865  1.04132926  0.36351404
-9.33206558  1.36137676  0.64340699
-2.88463569  0.02003795 -0.1416501 
-5.67514849  0.62929046  0.09318615
 0.73237705 -0.67260283 -0.1143046 
-9.68644142  1.50033188  0.6611743 
 2.40911174 -0.86639869  0.45587355
-4.86947632  0.43361148  0.09962414
 6.357584    1.88367867 -0.11741666
-7.01481819  0.91083056  0.26062474
 1.11658549 -0.70174098 -0.00964394
-1.99611425 -0.36557779  0.16340788
-0.46272495 -0.65131617 -0.20529813
 -5.45881844e+00   6.12926006e-01  -1.70553324e-03
 4.10089111 -0.06929032  0.21148786
-7.37625694  1.0370959   0.29992601
 2.57196736 -0.67512125  0.19439805
-0.26213598 -0.84906012  0.08574288
-0.45227635 -0.63827616 -0.02664302
 2.60895753 -0.66518778  0.3595711 
 3.70312762 -0.29780012  0.08844446
 6.15615845  1.64591169 -0.17127411
 5.33822489  1.04263473  0.31047955
-3.13897657  0.13024274 -0.16217715
-3.15150356  0.00831026 -0.05200829
-7.48461723  1.02533245  0.41693169
-7.55989933  0.92821753  0.70909458
-2.3617835  -0.01838943 -0.31309327
 5.2202301   0.85127151  0.18379274
-5.91107798  0.73217279  0.08741709
 1.51655817 -0.8048296  -0.31808263
 4.80001783  0.43658012  0.33000824
-4.71694994  0.5030871  -0.11663204
 4.1338439  -0.05179918  0.35710493
 6.46236897  1.97709239 -0.18757567
 7.45712519  2.97477031 -0.64869988
-6.72642803  0.82460511  0.266238  
 6.77123451  2.26250792 -0.329595  
 6.54594278  2.07976055 -0.18828639
 1.80825734 -0.78779888  0.0286442 
-1.04245496 -0.44143897 -0.23138823
 0.08458233 -0.64014405 -0.31093541
-1.16889906 -0.26789969 -0.30596703
 2.35801625 -0.90550166  0.4314433 
-5.11302805  0.55838436  0.07494571
-3.6243422   0.37744617 -0.10715411
 -2.88048983e+00   8.67930576e-05  -1.51903987e-01
 6.80692768  2.32263064 -0.34301153
 0.09550548 -0.63031161 -0.35250524
-2.23484755 -0.34489268 -0.11609484
-0.88436979 -0.19189557 -0.62590426
-7.03355837  0.98838496  0.2471855 
-1.26920354 -0.30936661 -0.31861907
 1.61780262 -0.87695658  0.50538546
-2.94578052 -0.13154472 -0.01061321
-3.02811217  0.18024273 -0.12820899
 4.37261581  0.19089577  0.32299483
-7.96280813  1.02469873  0.50165117
-7.02230453  0.94648921  0.20348082
-1.40906286 -0.62447864  0.31108162
-2.54506469  0.01528843 -0.32320964
-4.40689278  0.28233343  0.00891486
-7.38753653  0.99642897  0.38332331
 5.90484905  1.44690681  0.02982231
-10.15072346   1.594401     0.74439096
-4.61281347  0.32921574  0.41864714
-5.83078861  0.51799804  0.25233102
-5.8481102   0.57986075  0.16695236
-8.02011871  1.17615175  0.46473631
 0.14797045 -0.73757327  0.22080548
 4.51381922  0.40717912  0.50705636
-3.60110283  0.24413814 -0.20159969
-0.35484394 -0.46671417 -0.41886333
-6.07976151  0.8494218   0.09218665
 0.08209267 -0.57065159 -0.22738431
 6.53351259  2.05662918 -0.20984729
 0.30258602 -0.54048431 -0.41834533
 0.59697646 -0.70504576 -0.30049032
-6.09615135  0.76494509  0.12424583
-1.13687325 -0.4568767  -0.17022829
 5.5076251   1.13077712  0.14954126
 6.4388299   1.94271362 -0.20988278
 2.57600904 -0.75179583  0.2815201 
-1.26255584 -0.22226396 -0.39144024
-1.15783823 -0.38446724 -0.29963282
 0.09306675 -0.50837505 -0.45532981
 5.23765182  0.919662    0.29363999
 6.36341381  1.88300753 -0.11258049
 6.42837477  1.88005495 -0.31439799
 4.93126678  0.65029401  0.39092845
 3.43688679 -0.4682298   0.05771541
-4.1611352   0.24496995  0.00909691
 5.27994156  0.89995027  0.17949529
 4.34975433  0.09417363  0.33412528
 4.25810814  0.02434488  0.3982383 
-2.38707089 -0.01924327 -0.29455552
 2.58495116 -0.7734642   0.30954787
 0.53735244 -0.46748179 -0.59174412
-4.62744188  0.33969942  0.01105685
 6.59864664  2.09528375 -0.26499641
-0.46287164 -0.28607762 -0.48528945
 2.54285645 -0.77431411  0.06765126
 0.80026507 -1.0475899   0.34675601
-5.07685947  0.37582132  0.12254458
 5.2797513   0.95062786  0.28004435
-2.74492335 -0.07441406 -0.13650027
 6.99183655  2.49561787 -0.41571453
 2.37692451 -0.85767496  0.30215529
 1.05752599 -0.72078806  0.00221458
 4.83909893  0.58195895  0.23808056
 3.97221732 -0.16978472  0.28688094
 3.17226887 -0.59433156  0.60334206
 2.61467075 -0.7181567   0.10014269
 0.40992448 -0.73499638 -0.27623683
 1.22068369 -0.85014558 -0.19817188
-1.5967257  -0.46531206  0.05603455
 6.54177999  2.08671212 -0.1739305 
-2.89394283  0.19401841 -0.31649062
 2.40435672 -0.77186495  0.44323927
-1.02176452 -0.57409233 -0.11773354
-2.82186055  0.09980864 -0.21039909
 3.48907399 -0.42040774  0.11809047
 4.11106443 -0.06513757  0.21690147
 1.61466038 -0.74828339 -0.33145952
-2.47344947  0.09050394 -0.36772415
-3.08314705  0.10799129 -0.19363801
 6.34390497  1.88882375 -0.10555717
-2.52176976 -0.04610024 -0.27240416
 0.98839569 -0.60297287 -0.4084312 
 1.67634463 -0.88407218  0.32320029
-5.44650269  0.62703186  0.01118909
 1.86538494 -0.96360564  0.4364607 
-4.21222925  0.234569   -0.0600953 
 3.15337896 -0.64404154  0.54431587
 1.33576775 -0.89869857 -0.01734149
  5.95062542e+00   1.51205492e+00   4.26591188e-03
 1.084234   -0.77826411  0.21925434
-1.35603178 -0.17998585 -0.50312394
-1.89972723 -0.12717019 -0.32122409
 2.67892337 -0.70120269  0.3505086 
 0.12183812 -0.51835322 -0.56813836
 2.44454551 -0.80341208  0.20750953
 2.94139957 -0.65180844  0.11718336
-3.44649792  0.22729114 -0.18806566
 3.98323798 -0.1773674   0.23893157
 0.61196733 -0.57671213 -0.5367285 
-3.05042553  0.11445659 -0.2655676 
 2.76709533 -0.66241169  0.4349393 
-0.33028126 -0.36505291 -0.5663898 
 1.06194997 -0.64479697 -0.32744166
 0.53795826 -0.88233763  0.29818043
 2.49271512 -0.76273179  0.10300869
 0.69297254 -0.79767251 -0.2651298 
-0.8104862  -0.47695091 -0.29919213
 1.8072294  -0.68567848 -0.17167956
 1.81465936 -0.81141436 -0.08634023
-3.58057618  0.29205993 -0.19023032
 5.26597404  0.92396557  0.30940849
 3.72893143 -0.33096939  0.24616481
 1.4952451  -0.74442029 -0.10855041
 0.34210742 -0.72952098 -0.26938161
 1.12740278 -0.78501934 -0.23108275
 0.82104594 -0.61179394 -0.44009686
-1.92548168 -0.20471561 -0.34861305
 4.43443966  0.2075545   0.42113468
 3.06015921 -0.57773656  0.17140548
 0.75412726 -0.71107399 -0.30556479
-2.27825117 -0.15964657 -0.15447088
 0.99885792 -0.7134769  -0.3199411 
-5.13986444  0.51072103  0.10293075
 2.54766417 -0.68283391  0.0088997 
 3.96136045 -0.10576852  0.50301629
-7.51636076  1.10553598  0.30142015
-1.47158468 -0.21112579 -0.46586645
 1.10533381 -0.73170143 -0.31660461
-3.5108397   0.34474257 -0.29068756
-1.19764316 -0.15880251 -0.49866155
-1.53514397 -0.29682854 -0.31061882
-1.45071638 -0.14584625 -0.51471907
-1.95432985 -0.0457583  -0.42975956
-0.67160052 -0.34934533 -0.48434088
 2.18315721 -0.78194404 -0.08308809
-8.58839035  1.3086803   0.43826249
 0.48622921 -0.75092244 -0.09219601
-4.60077095  0.30849734  0.1119586 
 2.59695482 -0.81953007  0.33930728
-6.22750425  0.66321862  0.27828631
 0.57878226 -0.70337313 -0.31605509
 1.77489197 -0.86858445 -0.14496553
-3.46064401  0.1422208  -0.06292571
-0.66479617 -0.67261893  0.05888046
 2.08771443 -0.84155846  0.55208713
-6.43918657  0.79830825  0.22560963
 0.07541354 -0.63686478  0.01590672
-3.66308045  0.19383338 -0.17135689
 4.19384813 -0.00800893  0.27049944
 1.67121482 -0.81365806  0.16528201
  2.60322666e+00  -6.78316236e-01   6.85742532e-04
 0.76643699 -0.75208974 -0.21183129
 3.89425445 -0.1757201   0.34281099
-1.16992128 -0.23679888 -0.4833684 
-0.91505396 -0.56011355 -0.07227385
 2.834867   -0.74782783  0.15809211
-4.12458658  0.2024084   0.16169198
 3.19958138 -0.51528203  0.52619398
-0.20023857 -0.43250296 -0.57953519
 0.77744484 -0.67938393 -0.2959255 
-0.25285435 -0.34380606 -0.51481587
 6.52147436  2.05068064 -0.18266882
-6.32234144  0.77743596  0.20735173
-1.86674595 -0.06394012 -0.44587618
 4.25462341  0.02702539  0.4241004 
 5.39355564  1.01936948  0.20520674
 5.02179766  0.76369536  0.29443318
 2.08771443 -0.84155846  0.55208713
-1.01106238 -0.59349245  0.13938746
 1.45908666 -0.69816506 -0.42756635
-1.8419162  -0.12630616 -0.46430403
-2.32709646 -0.16971675 -0.27030045
-4.60219765  0.43310708 -0.10541829
 3.68725634 -0.23388498  0.59640187
 0.70715725 -0.78039104  0.29163015
-0.12358306 -0.57644361 -0.28061906
-4.07305336  0.41781735 -0.21840973
 0.5011664  -0.66093349 -0.38980478
-3.32811403  0.16732028 -0.17606902
 4.55824327  0.4082216   0.41118413
-4.98123169  0.36904451  0.13789792
 1.20745313 -0.77618682 -0.11470322
 6.52147436  2.05068064 -0.18266882
-4.98229218  0.43488383  0.01391097
-7.50615597  1.07290852  0.31763268
 3.81635189 -0.29372469  0.47687975
-4.8910265   0.22576234  0.36043367
 4.25494242  0.05572695  0.37972733
-3.81808734  0.31216583 -0.24862443
 0.4638074  -0.56641203 -0.51185179
-8.37180138  1.18441904  0.44311538
-5.74534702  0.6177153   0.07827722
 4.63426971  0.34794325  0.36702555
-4.35172844  0.34042281 -0.09073661
-5.84132576  0.66143644  0.32855433
 0.41276526 -0.5575453  -0.49343801
 2.4580245  -0.79238981  0.35505036
-4.99566031  0.53294313 -0.04385607
 0.8669709  -0.85094416 -0.15422791
-4.75591135  0.56095338 -0.02080136
-5.95353508  0.69849068  0.12909378
 2.20188856 -0.86307603  0.41154864
 2.28117466 -0.82934016  0.53309101
 7.11744499  2.58059001 -0.52509081
 1.6841116  -0.84273016 -0.07760627
-5.77593184  0.60177743  0.13495508
 2.07456064 -0.9102934   0.15849467
 4.26459742  0.13478152  0.49883202
 0.91565251 -0.7840808   0.04065179
 0.47327179 -0.81624264 -0.12015265
 0.50463837 -0.69616538 -0.29131541
-0.39604068 -0.39347041 -0.52495539
-3.08524036 -0.24132092  0.08024362
 5.38835478  0.90172845  0.02427671
 6.71802568  2.22164822 -0.29707965
 1.55110133 -0.90684813  0.17074098
-0.83240181 -0.34841713 -0.16722633
-3.19676471  0.14588878 -0.16490397
 5.91290808  1.45712876  0.00834375
 0.55640996 -0.77054304  0.04391704
 0.1326288  -0.61183089 -0.19436531
 2.1502676  -0.70389777 -0.16933374
